6948 - Angelo Collins Rivera
5174 - Cyrille Balierbare
3528 - Carla Maloloy-on
4376 - Lea Astrologia
6117 - Alex Teredano
7842 - Ralph Sila
8426 - Aica Lirasan 
4491 - Ivy Rondina
7389 - Yhaying
4253 - Andrew Calebag
1748 - Maricar Dechaves
2345 - Laila Delmo
6755 - Maria Fe Buquid
3995 - Mark Fernandez
7621 - Aleah Macatanto
8671 - Jericho Nazareno
9553 - Maricar Serrano
8475 - Daniel Pabalate
6826 - Rochelle Actoy
5612 - Sophia Antonio
9227 - Masayuki Takahashi
6562 - Hazel Catalan
4465 - Gloria Carinan
6835 - Marilyn Hugo
3573 - Rodel
8481 - Billy Bayani
4439
1756
6621
7937
6481
4656
9833
4925
3413
8682
5278
3834
6495
8544
6877
2783
8683
9964
6858
8416
6291
5513
6831
6931
=============================================
5943
3923
3784
4386
4425
7822
3986
5569
4612
9974
5595
5382
2255
7815
9195
2278
6532
1554
5972
5633
7984
7278
2318
9367
5463
6439
5672
4689
7925
2638
3226
9882
2193
6358
3299
3779
1447
9976
9734
9739
9492
1592
1174
1384
5551
3238
5383
7471
9111
6569
4799
7865
7853
1894
6918
7811
2996
6311
8988
9256
4131
2848
9477
6379
2493
3869
7673
5578
9471
6727
7956
8124
6243
6813
3765
2629
6237
5849
5132
3769
7326
4946
6277
1826
1718
3898
8778
6443
4484
1511
6124
2168
8252
6883
3936
3816
6698
6692
6383
1396
7553
2247
5516
4222
6637
2599
1193
9826
3196
9347
8638
2672
8448
1555
3959
9627
1946
9121
5248
9223
6895
5666
2257
1448
7712
3778
3128
4819
9646
6449
7445
6833
2675
9364
2723
4348
5796
7113
4759
7799
7989
6944
8181
3758
6988
6142
1877
2198
8555
4144
7261
5151
5649
6181
7779
7156
6925
6453
2279
5984
9996
1294
1183
1822
4257
5598
6289
6489
2539
3721
1976
4985
4726
3192
1499
8996
7936
6561
7117
8797
1369
2912
3394
2256
2414
1895
5579
9463
2857
5122
6747
1682
5659
9563
1656
8864
4183
6477
8931
5365
2623
4631
8368
1726
9829
2938
3357
6199
6645
1924
1866
7144
9545
5291
3962
7174
9453
8895
9411
2614
6535
8976
1583
2946
3953
8374
5652
6469
2729
7672
9633
6247
1124
5526
6642
4589
5792
4671
9616
6275
9273
5144
5787
5999
4969
4568
8628
3246
8126
1788
3886
8735
9197
7968
2563
4718
2555
8219
4823
9659
1393
8242
2587
5626
9799
3733
3151
3497
1669
5164
9911
5719
5996
7319
8391
6923
8986
4332
8486
3213
3725
8411
5965
2884
4657
9889
2817
9378
7429
9396
2898
8186
7648
6236
7685
4535
1125
2627
9297
2344
3355
3753
7197
1324
7866
9857
8749
7995
6284
4967
8757
6911
5167
5777
8655
2612
3946
5334
6566
2979
3556
4956
6942
9992
1992
5251
5665
1881
5877
2575
3646
7236
4739
9962
1896
3691
1915
1416
6526
2591
4181
7293
6581
9292
5867
7232
6728
7794
3453
5815
6254
8974
2519
5348
7358
1597
6211
2721
4271
2161
8584
4239
1498
3189
7583
5977
3112
3147
3925
5438
3693
1627
6483
4981
7777
1249
1239
2997
3375
6975
8954
7234
1873
6128
9476
4852
1769
7839
7883
3176
1346
7221
9578
1824
4824
7622
7413
1672
8168
9758
3221
3861
4783
8782
3469
3328
9987
8157
7481
5431
9933
2186
9669
6166
9733
9352
5636
4524
7778
3562
5758
6471
9226
6251
5388
6595
9394
9899
2149
8125
8796
5921
2459
6611
4188
6713
3884
5163
8138
7133
9943
9828
1943
6672
9245
4784
5522
6697
3794
4285
6272
1859
6615
2695
8121
5693
6217
1692
6377
6971
2521
4461
5871
9374
7872
7147
5455
1256
9533
2696
3229
2841
1844
4157
6336
5797
6778
5443
2235
8734
9647
7246
8621
8429
2992
5727
3373
3386
4699
1112
8667
8521
6617
3177
6616
1475
8933
8484
7454
5523
1755
5285
1334
7587
3844
9782
8677
2955
9779
5733
2546
8762
1156
1451
9377
6981
9212
9854
4331
8595
9663
7422
6168
8135
8747
6129
7754
2533
8399
3823
6386
8998
4681
5146
9867
2737
2182
4244
6753
3558
7268
3975
4213
2727
4365
1326
1465
6252
5425
7135
9263
1392
1173
3124
4335
1126
1325
3432
2924
1121
2528
5113
5257
9455
7178
4259
9358
2815
9426
2179
8843
1338
3272
4915
5886
4575
6576
3137
6738
7979
6614
9317
1582
5931
4292
9781
8629
7571
6259
6765
4511
5914
7458
8859
6279
4172
9623
7283
3937
8215
3665
9718
5112
8947
6896
8813
5772
5339
6357
1157
9295
9742
9387
5728
5536
5193
5988
9875
3383
3414
8267
5387
3824
6721
8551
2596
8949
6446
9665
5783
1972
9678
8245
2693
1492
7397
8997
7646
6963
4614
9276
6647
5429
4961
3657
5176
1446
5128
4328
5989
7182
4272
1351
4867
6631
7623
8559
9124
6149
1414
3565
1381
8924
3314
9728
7333
8198
7598
9556
3682
3166
8283
7695
3835
3335
9786
4829
2411
8927
7874
3286
5817
2697
2356
1484
5124
8625
7395
8169
7356
1233
6844
9724
4768
8467
9635
3652
2416
6125
2516
2914
5145
2126
6396
3981
1476
8971
8178
9989
8652
9235
8289
7291
9888
4546
4992
2998
3482
6339
1161
6219
2573
1264
3673
4377
3738
5991
4697
7669
6951
1535
8951
2451
2275
4519
6937
4494
8536
6518
4976
9991
4284
5769
7154
3845
9475
2916
4412
6498
7662